c = [  3.000000000000014;-0.000000000001052;1.500000000028157;-0.000000000294062;12.000000000944059];
x=[1:35]'
A(:,(1:5)) = x.^(4:-1:0)
m = A*c
